11 9,78.0
10 11,80.0
4 11,92.0
2 17,96.0
0 17,100.0
17 0,66.0
12 6,76.0
13 1,74.0
0 10,100.0
9 18,82.0
0 3,100.0
3 19,94.0
12 18,76.0
10 16,80.0
4 7,92.0
13 9,74.0
15 7,70.0
15 13,70.0
18 12,64.0
4 18,92.0
11 15,78.0
14 17,72.0
8 3,84.0
8 8,84.0
17 10,66.0
17 16,66.0
15 18,70.0
15 16,70.0
3 3,94.0
4 15,92.0
5 9,90.0
7 14,86.0
3 11,94.0
1 15,98.0
14 6,72.0
8 16,84.0
4 9,92.0
6 8,88.0
1 9,98.0
18 2,64.0
18 13,64.0
5 11,90.0
0 15,100.0
8 17,84.0
16 9,68.0
7 3,86.0
11 1,78.0
5 4,90.0
9 0,82.0
2 1,96.0
12 4,76.0
10 7,80.0
16 4,68.0
14 15,72.0
18 5,64.0
14 14,72.0
2 14,96.0
0 9,100.0
6 15,88.0
7 8,86.0
17 8,66.0
17 15,66.0
12 17,76.0
16 19,68.0
2 8,96.0
18 11,64.0
12 11,76.0
6 7,88.0
15 1,70.0
5 12,90.0
8 7,84.0
15 15,70.0
12 0,76.0
1 7,98.0
0 4,100.0
1 14,98.0
14 12,72.0
8 15,84.0
17 19,66.0
1 13,98.0
4 6,92.0
16 3,68.0
11 16,78.0
10 3,80.0
0 12,100.0
10 8,80.0
2 0,96.0
7 5,86.0
2 13,96.0
11 6,78.0
15 6,70.0
8 14,84.0
4 3,92.0
19 17,62.0
2 15,96.0
1 17,98.0
6 4,88.0
3 14,94.0
14 8,72.0
10 18,80.0
2 11,96.0
3 18,94.0
2 18,96.0
6 14,88.0
10 12,80.0
18 4,64.0
5 10,90.0
17 5,66.0
4 19,92.0
4 12,92.0
14 11,72.0
9 2,82.0
3 17,94.0
10 2,80.0
3 0,94.0
12 19,76.0
3 16,94.0
19 18,62.0
18 3,64.0
6 0,88.0
7 9,86.0
5 15,90.0
3 10,94.0
12 8,76.0
3 8,94.0
7 11,86.0
9 3,82.0
11 12,78.0
3 9,94.0
3 6,94.0
7 10,86.0
17 12,66.0
16 13,68.0
18 10,64.0
13 4,74.0
17 3,66.0
0 0,100.0
8 18,84.0
6 17,88.0
8 6,84.0
0 1,100.0
0 2,100.0
6 9,88.0
1 8,98.0
4 2,92.0
18 7,64.0
12 16,76.0
15 14,70.0
19 7,62.0
15 2,70.0
19 4,62.0
6 11,88.0
1 11,98.0
16 16,68.0
3 4,94.0
7 1,86.0
0 19,100.0
17 13,66.0
9 19,82.0
11 3,78.0
5 2,90.0
17 4,66.0
12 7,76.0
6 2,88.0
19 2,62.0
4 14,92.0
16 14,68.0
0 14,100.0
1 16,98.0
18 18,64.0
19 12,62.0
0 6,100.0
4 4,92.0
0 5,100.0
15 11,70.0
11 19,78.0
5 19,90.0
5 18,90.0
0 13,100.0
6 1,88.0
4 17,92.0
2 2,96.0
6 12,88.0
8 11,84.0
17 2,66.0
11 17,78.0
19 19,62.0
7 17,86.0
19 0,62.0
0 7,100.0
9 7,82.0
7 13,86.0
2 7,96.0
9 16,82.0
3 13,94.0
17 11,66.0
11 11,78.0
13 13,74.0
4 5,92.0
13 16,74.0
14 1,72.0
19 16,62.0
8 9,84.0
2 12,96.0
12 15,76.0
3 5,94.0
6 19,88.0
5 17,90.0
6 18,88.0
12 9,76.0
10 9,80.0
15 9,70.0
11 18,78.0
14 7,72.0
18 17,64.0
10 14,80.0
1 0,98.0
3 15,94.0
19 9,62.0
17 9,66.0
12 10,76.0
9 6,82.0
13 0,74.0
1 3,98.0
13 10,74.0
18 6,64.0
5 8,90.0
18 8,64.0
16 0,68.0
7 19,86.0
18 16,64.0
9 10,82.0
7 4,86.0
14 16,72.0
10 4,80.0
18 0,64.0
17 1,66.0
11 5,78.0
16 11,68.0
7 0,86.0
13 5,74.0
1 10,98.0
17 18,66.0
4 1,92.0
0 18,100.0
16 17,68.0
0 11,100.0
15 5,70.0
1 4,98.0
2 19,96.0
1 2,98.0
16 5,68.0
17 6,66.0
6 3,88.0
15 3,70.0
13 12,74.0
5 3,90.0
19 15,62.0
8 2,84.0
19 5,62.0
17 7,66.0
14 19,72.0
7 12,86.0
18 15,64.0
16 8,68.0
5 16,90.0
8 1,84.0
5 0,90.0
12 14,76.0
16 12,68.0
5 14,90.0
19 3,62.0
19 6,62.0
10 6,80.0
5 6,90.0
9 17,82.0
1 1,98.0
0 16,100.0
14 5,72.0
11 7,78.0
15 19,70.0
13 11,74.0
13 14,74.0
12 2,76.0
8 12,84.0
19 14,62.0
9 15,82.0
7 6,86.0
6 6,88.0
10 17,80.0
15 0,70.0
4 8,92.0
10 1,80.0
5 13,90.0
13 7,74.0
6 10,88.0
12 1,76.0
11 4,78.0
19 11,62.0
16 2,68.0
10 19,80.0
7 16,86.0
0 8,100.0
8 5,84.0
18 9,64.0
2 6,96.0
12 3,76.0
19 8,62.0
7 2,86.0
10 5,80.0
3 12,94.0
15 10,70.0
2 5,96.0
5 5,90.0
1 6,98.0
14 2,72.0
6 13,88.0
19 13,62.0
4 13,92.0
15 8,70.0
16 6,68.0
9 13,82.0
16 10,68.0
9 14,82.0
8 10,84.0
1 18,98.0
3 2,94.0
13 8,74.0
3 1,94.0
1 19,98.0
10 0,80.0
8 19,84.0
14 9,72.0
9 9,82.0
11 10,78.0
11 2,78.0
2 3,96.0
4 16,92.0
2 16,96.0
19 10,62.0
1 12,98.0
4 10,92.0
13 19,74.0
13 6,74.0
16 18,68.0
17 14,66.0
8 13,84.0
15 12,70.0
16 15,68.0
11 14,78.0
11 13,78.0
17 17,66.0
6 16,88.0
7 7,86.0
12 13,76.0
11 0,78.0
13 17,74.0
7 15,86.0
18 19,64.0
13 18,74.0
14 4,72.0
18 14,64.0
9 5,82.0
6 5,88.0
10 13,80.0
2 4,96.0
16 7,68.0
9 12,82.0
13 2,74.0
12 12,76.0
14 18,72.0
4 0,92.0
11 8,78.0
10 15,80.0
9 4,82.0
10 10,80.0
8 0,84.0
14 0,72.0
9 8,82.0
9 11,82.0
9 1,82.0
19 1,62.0
16 1,68.0
2 9,96.0
7 18,86.0
14 3,72.0
15 17,70.0
8 4,84.0
5 1,90.0
2 10,96.0
13 15,74.0
1 5,98.0
14 13,72.0
15 4,70.0
14 10,72.0
5 7,90.0
3 7,94.0
12 5,76.0
13 3,74.0
18 1,64.0
